-5
-6
40
-15
2
-97
8
45
-85
92
-17
91
-35
-6
-95
71
-48
-44
-19
48
58
-93
21
-72
-49
-14
-98
-44
15
-14
-29
-60
18
-45
54
-24
95
38
-87
-57
-88
-92
95
62
32
54
57
46
-3
17
68
-75
37
42
-35
81
-72
9
1
57
-95
-34
-47
-36
19
95
-45
-9
-46
-99
-37
-48
-39
74
-93
45
-87
47
-41
65
-21
44
14
-78
-97
-28
-41
22
90
9
-98
-9
-69
37
13
95
-1
73
-8
-8
6
11
66
-38
87
-89
-76
26
-8
47
-96
-69
-84
21
-46
7
72
3
-72
-14
-42
-97
-20
65
90
12
-77
44
-83
1
-76
-63
54
-55
-88
-16
-40
-45
-45
98
-84
-84
-41
-43
-97
21
-78
-84
37
-66
42
18
-87
-67
-71
42
-30
-20
-23
-82
-94
-48
47
69
9
10
-14
-99
78
95
50
31
87
24
-2
78
-36
63
49
-68
49
96
81
48
-31
56
-30
-41
-67
2
-73
-36
42
-15
30
-55
27
48
30
46
-6
31
-25
-64
92
-2
95
4
-45
-89
-34
66
2
41
-35
-67
-96
-66
-80
96
-41
-37
-23
-15
-91
9
-86
-99
-31
84
-72
71
-83
33
11
-48
21
-24
45
18
78
31
-53
-62
-39
67
-5
-81
-98
4
-49
26
37
-90
49
71
-23
-97
-66
32
-48
-48
59
40
-89
-7
-54
-21
51
-89
-78
10
94
8
87
-41
0
82
26
40
-86
-86
-73
-18
-98
100
-19
25
-2
26
29
67
72
64
22
-76
-96
29
-53
-73
-80
-21
68
-27
26
35
-2
25
-40
40
23
-3
-77
20
-24
-81
-62
-78
-44
98
-96
-98
-32
66
100
71
-36
81
6
62
86
74
-70
14
-15
3
5
0
28
-17
-95
26
-85
-97
27
-89
70
22
-75
-14
-78
10
99
-16
-65
-93
5
20
-65
72
-22
77
12
61
1
-89
16
-7
-49
33
-52
-75
-5
-10
62
61
86
99
-24
-17
-69
78
5
-74
18
-84
-42
-94
-100
-58
-41
42
16
-10
36
-35
21
-33
-59
87
-42
16
51
-90
-38
-46
100
-42
-24
-27
-13
2
11
33
-36
-51
-81
-49
66
31
-64
13
21
-80
-45
77
56
15
84
36
-85
-32
29
-87
13
-65
-20
79
44
-44
96
-15
24
-55
-55
54
-52
-68
-70
54
1
23
-53
-26
-96
-28
15
7
-91
62
-90
-13
37
91
1
-91
57
81
87
51
48
-86
40
-29
-11
-97
16
-45
22
-64
68
39
-68
5
58
48
-92
-17
-98
-23
-78
-1
-71
-22
6
-86
-62
-36
-19
62
27
-12
52
-88
11
-3
-82
-9
4
-52
-76
-62
-56
35
-88
-26
-78
-59
-66
47
95
-20
-96
-10
-24
37
91
-59
8
-45
-90
-11
8
61
-19
20
-38
41
-31
-48
-10
20
3
-55
85
-66
59
-69
93
72
-77
-42
48
-80
-32
43
1
-55
27
-27
98
-5
10
5
9
-58
-41
10
32
9
5
-16
41
-28
2
4
-21
14
-95
34
-70
-99
96
31
100
80
-27
13
-64
81
-76
-38
-10
-53
-14
-5
-86
-99
88
-66
-23
-87
-86
62
-88
76
92
41
26
39
80
99
-1
-62
-92
48
-95
-53
75
44
-38
38
-37
15
83
-8
20
36
-72
43
-11
-9
-62
63
84
-1
-28
-58
-93
33
74
-5
-98
37
-33
-11
-92
48
-40
77
37
-5
-40
28
75
45
-93
7
-100
-100
-81
39
-57
70
-62
-7
73
-67
-32
-41
-38
72
2
3
86
-34
-55
-32
-41
-6
82
-65
-74
43
-91
-21
6
-41
-81
-20
93
96
75
86
13
-75
87
-24
-30
63
-78
69
-12
56
69
-38
97
-17
-38
-99
88
89
-2
-26
8
38
-61
-35
-51
-54
-65
-94
-71
9
-98
-68
-29
62
-45
48
13
6
9
-6
86
-67
0
-35
-17
97
27
-56
-65
92
54
-1
58
-75
59
59
-18
-77
-1
9
86
82
-93
-8
-63
81
-72
17
47
87
-7
4
13
-79
-57
-36
60
57
55
-30
-47
60
11
99
-6
36
65
47
-33
92
-56
44
-11
-5
-31
68
78
88
100
93
42
-56
-24
-40
-86
49
22
-66
74
35
83
32
-11
-55
-79
70
-29
-87
29
40
48
-22
89
51
77
42
35
-91
-25
89
-66
-3
66
-7
46
-4
-88
20
89
-91
15
-84
7
-84
-60
-35
-89
-64
4
-92
88
55
10
5
-89
-21
28
-68
-9
-72
24
-58
46
28
-40
5
-5
-5
98
-52
51
14
-9
-63
-15
-36
22
69
12
36
-28
-65
81
-38
90
-70
23
3
38
-42
18
-3
71
41
56
-3
50
5
11
-16
0
-63
100
94
24
50
-45
91
11
-79
98
72
-5
15
-18
-64
-100
-13
40
-68
-92
51
-65
41
-45
100
16
-4
95
-20
-11
73
-19
3
29
-61
-57
3
-99
65
88
-85
-48
94
58
82
78
98
-28
67
37
-22
34
39
10
-81
12
-40
52
28
-55
70
97
5
32
23
-74
-43
-56
-1
-88
75
-83
52
-26
56
-84
-7
85
-45
81
-3
-6
-93
-40
57
-81
-27
78
-93
69
-56
22
24
-61
94
70
-100
-77
-43
-29
-3
22
57
66
64
29
0
-79
-5
99
-88
-36
82
-16
-64
39
41
-11
66
-59
-58
-4
-10
32
-68
44
-76
94
-97
79
-76
-7
49
12
3
95
-92
-54
67
86
42
66
42
69
35
74
-63
63
2
-73
-82
-65
-70
72
11
-44
48
-58
-31
-69
68
44
-96
-7
59
-30
-60
-74
-17
61
14
13
26
-86
6
-70
-42
92
44
2
77
-63
43
-40
54
-26
-44
-91
43
97
-99
77
-24
35
-30
81
-37
21
1
-63
94
30
31
9
-94
-30
25
53
-96
-56
-72
15
71
-51
-25
65
-15
-82
62
-33
-91
73
16
-71
-97
-66
63
26
-98
76
6
-86
79
-45
-93
-50
0
50
62
94
-52
17
48
9
-65
-87
97
13
-72
57
-22
-62
10
-3
50
-98
-50
30
27
-14
27
16
16
-52
-2
-61
-27
54
-18
73
-41
-50
7
-73
-91
70
-73
83
-35
41
0
76
-87
58
100
-12
-39
85
100
46
-38
25
20
-96
-25
17
95
77
-69
-65
-93
27
11
-87
15
-24
-15
-90
75
-87
-54
-59
-18
26
-58
-12
32
-12
10
47
-87
20
17
-17
60
95
91
62
-44
-16
35
-47
17
62
15
-82
-13
53
32
-93
-100
17
48
-94
-64
33
71
-74
-54
24
26
55
-65
-78
-86
-35
-2
94
-29
56
94
84
11
82
-37
31
-60
-91
-87
67
95
28
92
-57
-88
-72
4
-46
-27
-27
27
-77
66
26
17
1
76
-70
-3
-78
80
-89
14
40
-61
-82
48
-81
-59
-67
-16
-59
-98
-25
-68
53
-18
-28
13
26
-80
-96
11
-99
35
17
30
-48
83
-84
62
14
74
-48
9
60
-31
74
12
-97
-48
-2
42
22
23
-28
86
-32
77
5
99
52
40
-95
85
-3
70
50
-52
16
-65
-20
-56
-63
-63
-77
49
87
40
-34
-35
53
-37
-2
-34
-3
-7
-22
49
21
-33
-73
-53
-89
72
-35
-38
-26
-33
-54
31
34
20
-46
47
-100
100
-75
-75
-98
-90
-26
-88
58
-83
-54
-58
-49
93
-63
-17
66
-32
97
-81
-98
-29
14
20
-19
92
78
-98
47
72
-10
-26
-47
-26
74
-39
-87
44
-22
1
52
57
5
66
79
-31
17
-42
19
-98
-28
-46
51
-29
-10
95
-3
76
4
28
87
17
86
-86
64
-55
24
-60
-83
-42
74
24
83
-67
-2
-59
-25
48
-45
-42
54
-79
-7
-48
-21
0
58
-77
9
2
-93
51
-54
88
-16
4
-86
9
-46
-25
-92
38
75
-28
-83
63
-1
22
13
19
-73
-100
90
-94
-48
6
-65
94
71
-46
-33
-92
-9
-29
-51
-86
-10
-24
42
78
-29
-66
9
-28
66
-74
97
2
78
-92
-58
8
-12
21
-21
55
59
57
-35
-54
-81
-51
-51
68
-60
41
-35
-50
-79
79
-86
32
-42
4
-42
-79
33
88
-10
17
-17
78
81
54
-18
44
34
-29
-38
20
2
18
-59
11
-84
-81
-40
-9
-77
-36
72
-5
-10
-77
-15
49
92
19
18
44
9
-81
-13
20
-17
2
25
-76
18
36
26
86
-89
-71
83
83
-47
-47
83
-59
-78
-52
-41
-34
-92
47
-65
65
-33
74
84
21
-54
-95
-95
39
-21
-43
82
-12
-37
-83
-75
16
33
-38
-38
-5
-45
93
52
78
-51
-78
19
-45
61
38
24
-81
-31
52
3
13
51
29
19
-4
24
-54
-85
-63
-11
-9
-54
-78
-16
-4
-13
-7
41
-30
-25
-85
16
-71
-49
-39
45
-11
22
83
-57
8
42
50
12
-32
-90
62
45
59
-95
-40
51
81
-48
82
-1
68
60
29
58
92
30
34
15
38
-1
-14
-33
95
98
81
-53
16
-53
-46
32
-52
-58
69
71
65
64
-30
65
14
26
-64
-62
-6
-36
-42
-50
-38
-44
-71
-89
-82
-55
-35
-71
49
17
45
58
84
-81
-80
-14
81
-97
65
-75
90
23
77
100
15
38
-57
93
-37
98
-84
-99
-36
38
41
-6
-87
85
-51
-3
-34
52
71
80
96
86
-18
43
-49
-81
26
31
30
63
22
-31
83
-78
18
9
39
-15
99
5
-73
22
-22
40
-23
-25
-10
36
-85
30
26
-44
66
63
93
47
-53
25
-52
-35
78
30
78
21
46
-59
64
-83
100
56
-11
-18
-20
74
79
67
-66
2
59
-80
-70
-38
-32
85
95
-49
-2
65
-15
-52
-58
32
51
-4
-57
41
16
-5
40
68
74
-90
-62
-9
77
-90
-79
8
-55
-23
-42
-36
-24
32
-38
-31
95
-75
99
10
-45
19
65
-91
13
63
-93
77
-88
-70
-78
81
27
-46
-87
-56
96
47
93
-53
20
49
26
-81
81
57
6
82
4
79
32
-99
-22
68
-43
-48
-25
13
91
53
-55
-22
58
-36
-76
60
38
44
-33
79
19
88
13
94
18
78
-88
53
26
-56
15
-10
12
96
25
-62
-40
-25
-78
63
84
26
-88
80
43
-65
-71
-55
14
55
50
-83
-55
-74
-96
-72
65
-3
-85
97
-83
-60
-49
71
-8
-84
-5
-16
-91
-62
51
-7
31
29
55
6
18
16
-49
-29
-43
-2
71
63
14
46
44
-63
80
24
-42
-29
-69
-70
-98
22
44
84
33
-32
40
-33
-45
-35
82
-95
91
20
-20
88
97
-58
-16
-97
-89
19
-83
66
-81
85
79
14
2
-17
90
9
64
71
24
-43
-62
52
83
-34
-72
-48
-52
9
2
73
-39
79
-23
75
-14
-65
83
-24
11
-60
-23
4
-86
-6
-13
52
85
6
-97
92
92
0
17
-19
12
-90
-37
16
60
77
-48
10
23
-90
-43
33
0
-65
-77
92
-1
-22
6
-5
-58
-48
9
45
14
-94
61
-24
-45
72
60
-82
-65
-87
4
8
-21
83
93
92
-61
64
-80
-13
9
66
54
19
56
97
-85
-51
-55
-42
-66
-19
59
55
6
-81
92
-35
-66
-29
69
43
-22
30
47
13
-75
20
-64
-62
41
71
71
75
81
8
-99
-57
-75
-24
80
93
70
-22
62
27
-52
77
54
70
-51
73
-60
-17
35
34
5
57
-16
66
-21
65
-79
-92
-27
34
-16
25
89
52
23
-90
-9
-95
67
-73
-55
-12
84
55
78
75
-15
83
-70
-65
-9
63
61
-79
-72
16
-37
84
-51
-81
74
100
43
1
22
36
69
19
-38
-12
-74
-3
76
74
82
-26
26
67
-68
79
-42
17
-58
-88
-70
-31
98
-52
-8
94
-71
60
28
8
8
100
-78
7
-2
40
-71
15
91
-87
-33
-94
-65
-58
-91
13
-12
7
-42
69
14
41
17
66
-16
-27
86
19
15
-66
-23
76
-3
-27
40
81
-26
99
-43
-50
-85
4
58
100
-93
-41
51
95
36
86
97
67
-84
-43
82
-94
30
-78
-22
72
-63
5
-21
56
56
-8
-59
56
93
77
34
9
57
1
74
90
-56
-28
100
85
8
-73
16
-95
-39
-48
98
-21
-17
-100
-40
63
-42
26
-6
-90
86
10
66
2
4
69
-93
61
-23
88
35
92
-42
57
18
75
-26
-94
-7
-90
-95
-70
-68
2
39
-10
76
64
-96
49
94
-24
41
13
79
-81
-51
-56
89
-23
-61
71
-35
-36
-48
-17
78
-82
-93
-82
-19
-29
-60
-5
-11
-41
-97
-13
27
49
93
-95
-81
-63
-52
51
-96
-57
61
-18
52
-100
-71
15
10
52
67
63
0
-69
60
-10
30
-69
2
-87
-14
34
-34
-56
-65
-69
43
5
23
-65
43
100
-9
37
88
-77
-9
-34
-83
-91
-5
26
33
61
15
-91
10
76
-51
-68
39
-77
-79
16
77
52
-56
16
44
-90
40
82
-100
-25
65
-4
99
0
65
-54
-88
51
-34
-98
93
-19
-41
20
2
-96
-6
-2
42
-67
-7
-87
82
-69
99
38
-48
-69
91
95
9
92
-21
53
98
1
81
23
-43
34
89
30
-58
-74
-17
-32
56
53
68
-17
-20
-23
67
8
-42
11
16
-2
77
-49
58
35
-47
68
29
78
28
42
-28
75
71
17
-67
-24
15
35
-34
27
-62
-85
76
51
-30
46
77
-19
-27
-53
57
-49
78
-59
-43
-89
-46
80
94
22
-51
87
-46
74
99
52
52
72
5
-40
7
-60
-26
24
68
-8
19
100
86
16
98
28
-72
-54
-95
82
-1
59
35
87
-46
37
-76
-94
-66
-38
73
-45
-38
-89
22
-9
-34
-45
23
-82
-92
21
82
-13
47
-22
-91
-99
26
33
-22
66
94
-35
79
-56
-22
-27
-95
21
93
-82
-92
-27
48
24
-52
-71
-76
33
13
16
-24
91
97
98
-3
-8
-8
38
-93
-99
26
-79
57
38
-82
-26
80
-92
-38
-85
-73
82
86
52
20
-40
-15
-76
6
90
57
-76
-73
73
70
35
16
-86
-36
-55
6
-14
89
-13
27
80
-60
-56
4
90
8
16
-89
-75
33
2
81
-22
69
37
-93
-48
-48
60
86
100
98
-8
41
26
56
-80
65
31
42
51
96
-95
-8
-38
-17
43
3
1
-8
40
-97
81
25
-33
-48
98
14
-23
-73
-72
33
76
90
-49
-88
76
-9
-31
2
91
12
98
56
-34
-91
3
5
10
71
-99
88
-81
32
-74
-18
7
21
-62
-77
36
-62
-89
-70
-86
24
39
100
12
-18
85
3
-11
-69
-58
47
10
23
-40
-19
0
50
15
-94
-96
23
74
30
-21
-24
96
74
95
-34
-40
26
33
-2
-69
-56
89
92
60
-14
-83
-6
45
-80
-83
-74
94
-47
8
-44
89
57
-45
17
21
-13
-2
-73
41
46
-84
54
-68
-95
-29
64
74
70
-73
25
-17
-49
-79
-99
-28
-60
30
70
3
16
-40
-59
-58
98
-15
-80
69
-3
-46
-80
-56
95
-45
64
34
72
20
-18
-8
-24
24
-79
-76
78
29
-50
-19
-96
-7
-20
41
-12
-15
54
-22
70
22
-21
-81
22
-22
-54
98
-62
-11
-94
-45
57
-44
73
-80
10
-2
75
84
-80
-95
91
-14
13
-87
86
-17
-42
27
-61
98
-14
74
62
-97
-73
25
23
-53
42
57
-65
3
91
-1
13
41
-89
-56
-41
72
-37
2
48
14
32
-13
15
-33
3
58
33
-19
-18
-18
-52
34
-28
3
34
-26
-57
-2
-11
87
100
55
-37
31
-66
-64
-57
59
70
87
62
-87
-45
-60
-82
84
46
71
-64
-99
33
66
-32
0
-80
98
61
6
71
-50
-38
10
47
27
-43
-31
-88
38
83
-31
43
-82
51
37
-55
-61
49
84
14
34
-55
-99
-39
-51
6
0
-24
-40
-10
-81
-86
-52
-22
-52
89
-4
-8
-11
16
55
51
-35
-22
-80
-21
-65
33
-79
-28
-49
-92
16
-43
-27
-88
-74
-88
65
50
-84
-92
10
79
61
-67
50
11
-5
81
-39
21
-99
-93
32
-4
32
-17
-51
-30
52
41
-15
-1
-77
94
-48
21
-20
43
74
54
45
-19
-98
-69
-44
94
80
-86
94
35
-55
-10
-29
-29
48
48
-90
6
48
92
84
-48
-81
-18
81
24
82
21
-45
-13
-95
-4
-40
-90
95
-94
1
-87
77
1
-21
71
13
11
-20
-78
-42
-1
93
-57
41
74
70
26
-75
7
67
-38
-86
-45
-94
32
58
-60
82
91
-23
-89
-19
-32
1
40
-79
50
-18
-13
-95
-3
88
-37
67
-68
-65
1
30
62
12
-55
-45
66
-53
52
13
75
65
82
-50
-7
99
-66
22
1
-35
73
-15
-44
-58
66
-29
30
99
91
1
-26
-14
81
91
-18
-18
-23
0
-2
-93
75
-16
65
-15
30
20
-24
96
13
21
-9
-40
63
-43
-85
-94
94
47
51
76
52
-82
67
50
-80
-74
83
-31
93
25
-36
-42
91
20
53
27
-82
-64
-51
-11
-24
-96
8
5
24
-21
86
35
-97
-50
88
53
-44
-25
31
4
62
-35
-45
-24
-65
83
-24
68
-43
71
54
-14
22
-90
-38
96
-12
1
36
14
-35
67
43
47
-23
-39
75
21
-62
26
29
-72
-89
67
-29
-27
93
33
-82
49
-33
-55
98
11
-83
66
34
-99
44
87
-80
48
-66
-36
63
48
-54
-2
-48
32
90
-9
-28
-30
91
78
-67
55
-54
49
58
-69
41
-17
26
-21
-26
-68
-96
32
-18
5
-68
56
23
65
38
-6
-68
-87
34
62
2
-34
84
98
-94
-72
-50
41
0
44
-70
10
-85
-72
15
-40
57
5
-97
65
80
-48
76
20
-34
14
-99
-8
-34
-17
61
-84
9
47
-92
47
3
-2
-15
1
-65
28
-58
-68
31
-16
82
70
19
91
-3
-30
28
90
-44
-40
-28
60
-12
-4
-47
31
90
-38
-78
14
-61
46
69
76
23
-100
-74
-44
16
-23
-30
0
-91
-52
-83
41
15
-8
48
66
96
64
44
-94
-10
100
-89
57
-56
-98
-53
-92
19
89
-47
-49
33
-7
33
-92
-1
80
-72
-45
-12
24
-39
100
-82
-95
35
-78
35
63
-3
71
69
-25
8
40
80
-76
-2
43
-8
88
64
-24
-64
-46
9
-83
-88
92
61
-83
-64
-100
10
-98
31
62
21
-32
-12
-17
65
-64
-8
71
84
49
-79
21
-91
1
-79
1
17
-39
-99
66
-17
-82
-57
59
-23
-5
86
91
-30
-32
28
86
37
49
-69
10
5
66
4
-45
-42
-21
-52
38
-18
-19
-91
-5
97
12
-94
5
-10
-47
-85
-66
27
11
85
-14
52
61
72
88
-83
-17
-8
29
24
-38
0
9
-20
93
81
-93
23
-60
-98
59
57
-90
42
54
-77
-73
52
-5
-19
91
-26
-71
-3
33
-61
-23
-97
66
39
-78
68
-42
-15
50
93
-9
41
-32
22
42
18
84
-39
48
-34
44
-30
-61
-71
-11
91
46
21
32
-39
-13
40
29
-8
-48
27
-99
-43
-64
-99
70
46
-97
-6
-64
77
-77
-97
40
-37
-85
38
81
-74
-63
-48
58
91
-19
27
39
17
-79
-98
6
100
90
59
-86
-40
-99
16
29
79
15
-99
-85
13
45
-55
-30
-83
-62
1
-28
95
-46
-22
-80
13
61
-25
-84
-51
-79
-95
-48
-87
-31
-35
24
6
-63
32
-71
-40
-26
57
-98
-77
56
-2
71
-11
-89
30
-19
-14
39
-40
-82
4
-5
80
13
98
90
-77
28
-66
-44
-39
15
-21
-87
-5
45
-83
93
-49
-9
3
-38
54
33
-90
79
-3
67
-35
-39
-34
-57
-63
36
56
-67
-99
-59
-49
-56
-99
36
-48
-99
81
100
-80
39
24
93
-66
9
9
87
41
1
27
50
-56
-72
31
19
33
-53
-69
88
-59
-47
7
57
-43
42
70
35
-16
16
-46
-50
-55
-13
-14
-13
8
89
-41
-35
-50
-98
50
-83
-82
-36
51
61
-54
18
82
-74
59
-19
-20
-52
35
22
69
49
-74
-78
41
-93
14
-45
-39
-69
-70
30
19
-23
-10
-1
19
-23
1
-2
-71
85
72
91
-39
-33
-1
39
-69
-82
-65
70
67
-13
57
-37
30
-99
-37
85
-37
3
-69
15
97
-12
-93
25
-91
-25
31
24
44
-63
-2
99
-2
67
-6
-47
-60
-12
-35
-67
32
-21
-94
55
-6
-69
-4
29
12
-88
54
95
-25
69
60
-58
-56
81
94
37
-99
50
92
48
-60
74
-38
-40
-41
-68
40
79
-13
79
28
-82
88
-40
36
64
-91
-55
61
-34
66
-26
-34
-26
95
44
1
91
17
-9
-59
62
-81
0
33
-79
10
-77
-41
18
5
57
24
-21
-14
-88
-96
93
47
-22
40
-59
-21
-8
-28
-5
97
-79
80
-39
-77
45
-88
-50
-21
-38
-82
7
-93
-19
56
97
25
25
-83
-29
69
-42
-41
31
-11
92
-100
99
36
93
-90
43
69
24
-100
62
9
-48
72
82
15
15
-61
-7
-5
-65
22
-5
13
46
-7
56
4
14
15
-53
46
38
85
-62
95
24
-71
-26
71
72
27
-59
-100
80
-23
-85
-51
-91
-62
-78
34
-46
20
-37
92
-7
-15
13
83
-8
-24
-18
92
-30
57
-43
10
16
-36
-14
-92
-46
-18
84
28
-78
7
-65
-7
95
62
-98
-25
-31
-5
-14
-6
-97
-97
-50
32
-15
-20
83
-50
-85
-39
39
-86
-98
64
69
58
82
-66
32
-91
-76
-89
-99
-5
89
93
63
81
-3
35
-74
-9
-17
-73
-50
-31
81
60
61
68
50
-44
95
-11
-84
-21
22
4
-51
-65
-32
-35
94
-63
15
23
-80
10
72
-98
-97
-78
36
-15
-26
52
49
44
61
88
-26
-14
-84
-11
-61
-57
-52
-30
-71
-67
57
-97
-99
-35
75
37
100
51
-29
-39
76
87
-88
61
46
-26
-2
95
-45
-47
-15
23
5
-68
-19
-18
-95
-65
67
84
70
-93
99
-7
-92
-5
-86
5
-58
-68
48
-84
-59
83
84
-17
-21
-22
37
42
31
-93
87
16
-48
11
67
39
99
46
99
13
63
-18
-95
37
66
-76
26
18
44
65
-28
-24
90
-52
-22
-25
4
-61
-29
-97
68
-52
-1
-76
26
-4
10
54
-64
-6
-14
-57
-41
80
-51
-10
-64
61
-39
-97
-46
-7
-6
1
-83
98
76
-96
73
-16
3
-67
2
96
49
86
64
26
6
75
89
19
25
-38
-49
96
76
-56
83
-32
-97
17
-32
1
7
45
-4
33
68
-40
-83
-56
57
17
-34
3
74
-54
-80
-11
85
31
-1
76
-75
-90
-65
-58
21
51
80
-14
-62
-91
18
77
45
13
57
-95
32
-70
-96
-78
-51
95
-4
-72
97
46
50
-31
50
100
-50
82
-35
-59
33
-62
85
6
88
-36
68
51
74
52
-11
22
42
-49
9
69
62
-40
-73
-5
39
-60
68
-22
68
21
-19
-73
-52
-25
-55
-96
-26
29
72
-41
-60
15
-6
71
-36
-58
41
68
98
82
-77
55
-46
68
42
12
-35
-6
-41
66
70
-3
1
-87
-35
-97
99
53
38
-83
71
57
-6
-43
-48
-7
100
-100
7
51
12
63
-64
29
-78
-91
-53
82
25
97
49
-9
-10
-7
23
-21
0
14
-51
58
100
87
-26
58
-22
-35
-61
17
25
-85
56
-85
21
48
-91
10
-64
71
-78
-21
-50
15
90
-82
16
-6
46
-62
22
-6
42
75
41
70
100
-47
-27
-2
93
-18
54
36
14
1
52
-17
-62
87
39
32
-95
63
85
24
34
49
-72
-46
-25
10
-36
56
-18
32
36
-77
37
-70
-9
45
-68
42
99
-64
55
76
28
-14
23
-92
41
62
-62
-80
-96
19
44
-10
70
18
-80
-86
-68
44
-61
35
-71
57
25
-49
-43
55
1
-85
-76
78
61
4
-77
58
-72
-68
56
93
60
30
94
41
52
67
85
-24
-23
-5
-61
-30
76
36
26
68
87
63
13
20
36
90
30
90
-77
76
-92
17
-75
11
8
-65
3
88
-29
68
-61
65
-97
-80
46
-18
-57
60
-22
-26
-45
-49
-87
-81
-66
-60
20
15
-96
-81
70
5
-98
61
-30
67
36
8
-77
33
71
21
29
-40
-11
20
83
-100
80
-72
-94
-13
-47
-1
8
3
-62
60
10
-4
-90
34
14
-13
48
-23
63
3
-100
-26
-90
-9
-90
57
36
80
9
85
32
82
85
8
-73
16
43
-13
-30
-38
31
37
-85
51
-66
74
93
-27
29
37
1
-99
99
69
-97
-74
-17
84
-32
68
92
97
35
-54
66
33
-32
23
35
-35
-8
-56
34
65
-21
-15
1
-50
64
50
-22
-83
-85
-18
-45
33
-16
55
-79
-24
92
-21
-48
-47
20
22
51
30
17
96
-46
45
-13
-56
-57
100
87
22
-30
59
-85
-52
98
2
20
13
-84
-33
-73
55
29
-39
66
59
-30
65
-38
33
42
-46
71
-69
-67
84
86
-55
29
-95
75
5
46
66
39
-23
-89
-58
-8
43
-88
95
98
-33
-91
82
41
-33
-42
74
70
92
-97
85
82
-65
-10
4
-69
-3
47
72
74
3
38
67
77
-18
66
-7
85
-64
47
-94
85
-75
-77
-9
84
-1
-17
10
-91
-40
-73
46
-25
-71
43
-26
-30
-14
-51
-24
81
53
-41
46
0
5
-92
-77
97
49
71
-57
-44
77
54
9
71
54
-79
-27
-41
12
88
41
-90
81
-46
88
80
-20
-43
-15
48
96
-41
-62
-31
46
8
7
56
1
68
-34
67
-68
39
93
-24
48
-100
-36
-2
-19
81
-52
-85
64
94
-3
-99
-3
62
-23
-6
95
15
-76
96
51
-7
16
42
-35
-32
-13
-48
-80
57
47
-68
-73
-71
76
-30
-61
-79
-81
-26
9
-73
91
-42
-75
85
-8
-94
45
81
56
79
-46
-19
-87
-41
81
-55
-42
97
70
-24
19
-40
-72
-39
32
19
40
100
-33
34
-56
56
-98
-12
-74
96
48
-28
-34
21
-36
15
67
-12
53
47
-4
-77
8
-89
38
-99
-59
47
0
41
-20
-43
41
86
37
-5
-67
-64
-14
-65
-51
0
55
29
-33
2
-34
45
87
-9
27
-6
28
-69
-99
-4
-33
19
61
81
15
90
72
0
-39
79
-23
-28
-12
-58
-9
-34
-34
93
-19
-45
-33
98
61
-23
-69
24
-3
95
16
-42
83
-79
12
18
15
90
91
-61
-93
73
-32
-89
-81
-83
68
-32
1
-58
69
-91
-93
-2
-32
-94
8
-90
-60
4
25
4
72
-72
21
98
19
-93
19
-21
16
29
-92
-12
64
32
36
74
17
-93
93
47
22
-24
8
94
40
-43
-68
19
-80
-79
-57
53
82
-50
-47
-4
54
-9
-8
41
24
59
6
8
-50
88
79
-41
39
58
-80
89
-2
77
-47
-93
-19
84
71
-28
-19
-82
-93
-25
-95
54
51
-1
7
84
-14
3
-77
92
76
76
-24
21
34
-71
85
22
-99
15
50
77
-41
60
94
32
-48
-87
50
-6
89
-17
-67
56
63
-49
-27
-12
82
-97
95
52
-44
88
75
-71
1
65
72
-74
-79
-11
-32
29
17
-64
-76
-7
71
-58
-40
-42
-89
80
58
67
79
-91
3
40
-68
94
34
-20
69
14
-13
67
58
80
97
-51
-15
-55
53
-40
-46
-87
12
-17
26
44
-5
-60
25
-2
34
-37
-82
82
49
-81
2
-60
-14
55
69
-39
53
-7
19
35
40
-93
-31
49
-80
-44
68
52
-75
29
11
4
92
-97
41
-48
-85
-93
-32
-40
-29
32
-60
-45
-19
65
45
95
86
46
-23
32
14
81
67
-9
41
-76
-71
33
77
30
52
-44
-46
24
-1
-87
-66
73
-90
19
-78
-60
1
-39
-100
62
2
28
-13
85
39
54
40
17
65
34
-20
-36
-15
-3
64
48
25
26
91
-40
-90
54
63
-5
-52
-70
-50
62
-81
-85
33
38
-64
-96
60
-98
-98
83
-82
-50
-7
32
33
-17
-75
-34
-76
99
-6
-52
25
-10
-87
-69
50
-49
-58
3
-11
18
67
76
-96
-78
76
64
36
-10
-12
31
86
-76
-24
7
100
9
38
-22
22
7
-24
66
27
-22
-62
0
-35
40
-75
43
-37
-26
24
-53
-98
41
-54
-41
-76
-88
-80
38
-6
-53
-70
92
-88
86
-23
28
31
33
-83
71
13
-49
-62
-72
-47
91
97
38
72
-14
-45
-16
0
25
-69
-7
-52
61
2
-98
-49
22
71
47
39
-6
40
-89
36
59
71
13
-22
81
37
-54
20
43
-55
55
96
-95
-54
-78
73
-26
-27
40
-14
-66
78
-46
65
55
-1
-65
-22
48
-85
-98
34
-14
-63
-50
67
-19
55
-45
-46
20
-63
43
-28
-71
94
-47
-32
-35
27
30
-71
-28
-80
-11
85
-90
7
7
49
-17
-41
-6
-87
26
34
-1
-86
-37
-78
-64
-45
96
-72
-60
60
87
6
83
31
79
-45
11
-57
-91
-20
-97
-67
17
-47
-52
33
48
-69
-65
88
94
57
39
0
-78
84
-59
83
-2
61
29
-70
36
-13
-82
92
-37
-26
50
-89
44
58
30
-48
-9
-54
12
15
-79
1
-4
-75
-25
-27
-96
95
-74
-81
79
45
97
11
-4
-20
52
30
66
90
44
-30
-56
5
48
73
-67
6
-84
30
11
-47
37
74
-68
-36
78
92
62
64
-25
1
-53
-8
-81
-53
-59
-62
68
11
43
-72
-45
32
78
-89
-95
4
10
58
-58
63
54
-35
-20
-23
-55
-76
31
88
33
-19
56
9
76
60
-95
-11
-46
-92
-25
-59
79
51
96
-80
-51
32
92
71
-78
-11
-87
17
-54
71
49
-66
10
35
-33
-20
-50
-100
14
64
89
77
-78
-68
-35
99
-7
-42
-34
70
-99
-10
-44
79
89
47
17
27
-82
35
2
69
-24
-14
-49
-31
-58
-45
-59
-4
31
33
87
-99
94
-89
-90
-76
-80
94
7
56
19
83
34
-68
14
69
51
-39
27
-87
65
74
-5
-56
-96
51
58
51
96
91
31
87
30
-52
11
26
-71
51
54
-3
-55
-50
97
29
-54
-33
-88
94
6
17
-98
-2
-39
21
84
2
-86
48
69
-94
-34
46
71
-59
-89
53
-41
19
-55
77
95
18
7
-71
-92
83
86
17
68
39
86
-65
-25
67
-32
-84
-64
-1
78
-89
-95
12
63
53
-39
-24
-46
-83
-36
8
54
42
50
19
49
-64
1
-100
55
87
-66
-57
31
49
-51
-48
-32
-100
48
46
95
41
-34
-74
-32
62
-13
41
-71
-4
79
75
28
-64
-19
30
89
-70
-58
18
23
-55
-38
-10
13
-19
43
80
-7
-85
53
-30
92
15
-81
99
69
-84
16
-97
3
43
-93
-77
30
-30
-71
1
16
16
18
23
52
-15
-31
49
-18
-48
14
64
19
9
31
-76
89
5
92
-69
-66
-27
89
-76
-68
56
53
100
75
-94
85
99
49
8
-54
-20
-53
-35
-53
18
88
-90
-99
-65
-2
24
35
38
-96
-12
52
10
47
-10
-99
-99
-67
70
45
79
-26
-74
-98
-26
-13
37
-97
6
-56
-75
10
-41
-21
95
-86
-55
-7
-35
-47
0
99
76
61
-8
-70
43
3
-57
-11
-91
84
-81
35
-87
89
-30
-4
47
14
-81
45
-14
82
-31
86
-81
28
-100
-88
-58
68
-96
82
-5
72
-79
21
-76
20
-59
72
58
-51
46
61
-3
-32
42
84
99
73
-44
-36
16
-11
-47
53
-54
57
77
66
-83
5
57
-73
94
30
95
9
83
94
-28
-5
-64
-2
47
-49
43
-32
-67
-18
-77
36
54
-95
94
36
33
-38
-37
-15
-87
-62
35
5
10
67
23
98
10
97
-23
-59
18
9
-22
35
-52
-23
-38
-91
32
-74
63
75
62
93
23
6
10
74
95
-94
57
-38
69
-69
-32
87
-4
-73
-63
-30
-9
-39
-93
31
-85
15
95
-18
-48
48
-79
-37
-16
7
-61
7
-71
12
4
46
31
69
36
-86
-45
-72
-93
-82
-61
-97
-71
-65
-60
-99
-14
-86
55
-56
-56
-89
-26
23
-73
49
-9
-68
55
14
10
47
31
-78
61
76
62
100
-62
-46
-54
-27
-69
-67
61
99
26
-43
47
-50
-28
-48
-45
-85
-100
99
-56
-9
6
70
62
53
19
35
-66
-69
-80
36
74
36
-96
79
-39
10
-28
78
-29
89
-43
-20
84
-53
89
82
26
25
-65
-19
-81
-20
17
-98
49
37
78
-54
-35
-76
-32
-8
-82
-75
0
84
95
-86
25
71
83
46
-43
-19
-62
41
-36
-16
-32
-14
-31
28
-14
-6
44
82
35
-24
91
-54
69
67
-24
56
-18
8
45
60
-48
-44
84
33
-71
99
-42
7
0
-19
-14
-88
100
30
-48
96
32
1
-71
31
81
-27
99
56
-45
11
52
32
86
60
-58
-48
-77
-26
-44
-38
85
2
-91
-74
67
-79
-67
84
83
68
41
97
-61
83
60
-28
20
1
-67
-14
-98
-76
-91
7
92
-53
6
53
-98
-99
-21
-44
55
-14
-30
35
5
-13
4
-47
85
17
-23
85
40
-13
-10
74
-59
-7
-60
-75
-12
-98
38
51
3
76
31
-74
47
-33
61
44
-44
93
42
-46
78
57
66
-28
87
-5
-65
-96
99
45
-47
6
-72
-30
-13
-18
6
74
48
69
82
-18
75
-65
6
45
-47
60
38
-72
25
88
-24
-26
20
-83
-49
-1
-63
69
-77
78
-73
75
-58
3
51
-71
-81
24
30
-82
39
-76
0
21
6
-9
30
-91
-6
-84
-54
-74
96
8
-59
60
97
-23
82
-31
81
53
-76
-49
-5
17
-66
-67
-40
96
83
83
53
-7
-24
9
56
92
-37
45
27
45
6
17
-54
10
-24
-47
55
-54
54
41
-21
-56
-87
76
75
30
-15
95
10
-93
-86
5
99
24
61
64
24
84
-55
29
93
-86
-26
-80
-2
73
77
54
-1
-37
-100
86
22
45
10
-88
80
-8
39
65
50
-80
73
-2
47
-68
-8
30
-58
-77
-75
-15
-37
95
55
-2
84
35
-50
-84
31
-11
36
19
-38
31
9
59
-7
3
-34
-75
-52
19
53
29
-76
0
-75
-7
23
-82
49
-40
38
-25
85
-93
-71
0
49
97
9
72
10
19
-58
34
-87
5
-69
-2
4
-48
57
-99
2
46
-88
57
-100
-14
13
-97
35
-99
42
-36
66
-35
50
33
18
-86
-55
-78
97
2
93
-11
82
-52
-82
86
31
-30
-35
-59
-46
-88
19
31
-60
63
100
64
-18
71
62
-93
67
-53
-21
-59
70
-87
-77
19
-69
-84
8
-26
29
-64
58
-87
2
19
-89
38
-12
-95
55
-15
-74
-39
-98
-14
43
-92
-2
85
-83
-95
58
-93
-19
95
8
-56
67
57
74
97
-95
-74
7
-26
-37
-32
81
-48
-10
-29
89
-20
41
-19
-25
-49
89
5
-80
50
29
-51
-87
-69
-74
-8
74
41
52
58
52
-43
-55
-33
-87
-82
3
73
-85
80
-74
-61
16
-52
48
-70
54
25
72
98
-1
-59
44
-95
-25
10
-90
13
-14
95
94
-83
11
-41
39
-85
-11
46
-44
83
98
56
-7
27
-88
-19
-99
60
-78
1
29
71
70
-39
20
-88
-30
-82
75
65
5
-90
-58
62
62
-54
91
90
-94
59
-51
34
0
42
0
-20
-48
-69
-54
-74
-89
18
-28
57
100
50
17
36
5
13
58
-76
39
-32
-31
-70
19
-72
-50
-5
-45
73
-77
16
47
17
-6
-65
7
-76
-67
21
-90
-24
-51
-7
-93
-88
-23
-98
3
18
-70
-93
72
40
-55
43
40
19
-37
-63
-25
65
31
-36
-64
-87
-32
96
-39
-71
-56
98
-11
-23
-98
8
-20
4
-44
-69
-9
19
84
84
-12
44
-37
-61
-32
73
-5
-68
34
44
67
93
-96
5
-38
-45
57
-63
-12
24
-65
-54
-89
54
-18
-37
-75
-60
-1
49
-8
89
45
-65
-60
43
-62
-91
-76
-8
-9
78
69
-34
8
-33
65
-57
-21
-37
-71
62
-72
-47
-30
-60
-22
-27
75
11
-99
-59
46
-72
-89
70
14
87
-87
-4
91
-17
-42
78
14
65
52
-70
86
-42
-13
33
-30
72
77
82
-3
-28
-54
29
73
43
5
-91
-18
32
81
-36
-36
-94
-45
-76
-98
78
-34
30
-35
99
97
52
53
-2
-3
-87
-3
80
-49
99
41
-76
90
77
-3
-76
-63
-100
-48
10
-34
-55
-62
-100
80
-4
-55
-44
-93
27
-19
0
-82
-81
84
31
-73
-86
-74
75
-46
-91
15
56
3
82
-13
-49
97
43
-13
35
-74
88
-40
-43
-63
-90
29
-6
-11
-25
81
7
79
100
-84
-57
-52
-56
94
-35
7
65
71
-65
-95
37
22
-97
-71
-19
-66
9
33
-36
-81
-62
81
-71
52
100
-58
-35
-71
54
34
20
41
-97
-35
74
-81
-5
66
63
23
62
73
49
95
-49
-45
66
15
89
-4
75
41
44
-88
-75
30
-21
89
-98
-43
44
40
-32
-3
-9
78
-86
-17
34
-32
90
47
-89
-17
7
-26
69
62
-59
-67
-64
-65
85
-36
-97
95
9
-95
-57
-22
-80
-14
-55
44
54
-69
-21
-98
18
-54
64
44
88
3
-84
71
-44
-15
-27
-86
45
49
71
-27
-65
-97
94
-21
-39
34
45
80
20
84
9
70
71
47
81
42
83
-84
54
88
-24
36
-99
5
68
37
-31
-87
-52
82
22
18
-8
98
-10
32
54
65
88
-74
-43
-40
64
38
-82
-52
-53
18
57
-27
88
-14
53
-83
-30
83
-13
-67
50
29
16
-90
-88
-96
-88
-49
46
77
67
-46
-36
5
-63
34
53
-27
-79
-97
-28
17
-82
89
52
-59
33
-58
-42
77
88
-8
29
4
37
-94
-35
-98
-4
40
-16
42
-14
-98
30
-56
56
-37
-100
98
99
34
51
58
3
22
59
-6
-18
14
56
66
-75
-41
58
10
65
-9
-64
27
66
17
94
-11
57
88
-86
98
41
-45
-92
-85
9
22
96
-22
-34
69
94
-78
12
-78
-76
-12
44
89
25
60
-16
-1
78
-10
-27
-52
29
60
-91
-17
87
-30
-17
-5
-18
-86
24
34
-70
37
-100
-43
-58
57
-18
-20
-93
11
-83
-16
50
99
59
92
71
39
-64
-73
-4
-7
19
73
-21
-4
-48
89
35
-2
43
3
-94
-59
-93
70
-67
15
-37
90
-77
1
-83
-60
-63
-10
85
-92
74
2
74
37
-39
-40
89
-88
-41
39
-5
44
80
35
50
-39
-23
-83
-7
-26
-44
89
53
-78
22
-75
-1
25
-74
-70
-29
-7
60
62
59
-33
-91
-78
79
-53
91
4
-68
22
-19
46
35
-93
-28
61
-78
-69
3
-22
-5
75
-34
4
85
-32
15
-28
66
69
55
82
-44
93
95
25
-93
-75
-31
-34
48
76
64
-48
-23
-21
23
6
79
-19
6
63
-27
44
19
85
46
26
24
-47
-62
54
-2
45
97
-32
9
-56
-70
31
33
79
-38
38
24
0
-87
-26
-48
-77
21
-63
96
71
-29
87
-10
9
-10
53
54
-87
95
-70
-64
74
-97
11
64
1
-97
71
-30
4
-72
-94
59
2
59
21
-84
-31
48
-28
-74
39
60
-69
-62
40
-3
-2
58
39
-87
-38
63
44
-67
-15
34
96
-90
-81
-75
51
-91
29
-87
99
-34
30
-2
84
-57
46
-45
96
-41
-36
-91
50
-92
15
-12
43
89
91
9
-21
100
-2
-10
6
60
84
68
41
24
-65
2
13
0
-51
47
5
-2
-41
75
-4
-81
-56
-96
62
88
-85
35
95
-60
-4
-58
10
-67
-48
-38
87
96
-83
28
-23
90
-46
46
-62
24
-52
36
18
63
79
-30
66
-73
-70
-82
-6
66
1
-40
-28
92
-19
-76
-35
13
82
-39
-30
37
-15
-60
-90
23
35
-75
76
75
22
-51
-92
87
-19
65
34
94
-64
-29
-29
-24
-86
42
-86
34
-10
-61
24
-36
-22
69
-21
46
1
-77
-83
2
94
-50
50
-100
5
-1
-9
34
64
-97
75
20
-89
97
-48
90
-70
98
-44
-67
-4
-24
-16
66
37
-24
3
35
-7
70
61
-13
72
32
90
-55
16
9
54
-22
-90
36
-86
-44
-36
67
-73
-15
-42
84
-26
-94
10
-50
-12
0
77
-56
24
-86
12
-77
9
68
16
-95
-93
-2
-70
-93
95
18
61
-35
48
-54
0
-13
13
52
79
-65
100
-58
-87
24
87
55
-94
-37
4
66
-72
-21
89
-71
62
-60
-8
90
-76
-75
-33
9
27
-49
-11
85
11
35
-2
56
64
57
-19
-88
-80
-60
4
-49
-15
90
55
30
-51
-4
-34
-31
22
-97
-91
-99
-10
-8
60
57
71
36
32
-34
32
-98
-53
-31
37
-51
-70
-29
-94
77
-3
-37
-33
56
34
100
7
-6
-89
-84
72
96
-86
-28
60
58
83
68
47
-93
-33
21
5
-40
-84
-56
39
13
85
90
15
0
96
-16
-73
-6
61
69
11
-66
14
-37
-45
48
-6
-23
-72
-47
-12
74
-18
-6
-1
37
52
-75
0
-68
-76
64
-56
99
-98
-80
-7
49
-39
1
97
63
-3
55
-40
-69
84
89
-86
15
67
-22
-56
-52
23
-34
77
-57
91
-43
87
33
62
6
-11
-87
-72
-82
11
29
90
88
91
32
-27
59
-81
94
43
92
23
-48
19
-47
51
93
27
97
37
85
5
-45
36
64
-64
20
52
34
-87
-15
-3
-59
42
-79
22
-17
78
32
53
-84
1
-100
-26
-90
4
-4
-7
66
-22
-38
12
31
-67
4
85
-24
-35
-17
85
-17
26
43
3
45
-27
-97
11
79
-45
38
17
-13
-20
16
-61
94
19
-20
74
-50
-74
26
-33
-37
14
-96
-59
42
61
51
-17
-24
-97
14
-91
11
15
53
98
-49
75
27
-89
-5
59
81
-99
31
-13
76
69
-42
-3
-31
-3
-64
-89
98
-63
-74
-56
57
99
-20
-62
38
-58
51
-63
-88
-37
30
-3
51
17
82
70
-77
12
74
54
15
77
-7
69
33
30
56
-28
-68
77
-64
-48
6
-55
-89
-60
-30
35
61
-73
-21
64
-65
97
29
-18
14
-41
32
-55
-90
69
0
-13
-21
17
90
-28
23
41
71
-80
22
87
73
-69
-67
44
-67
41
67
49
72
-92
-17
-90
89
25
63
-47
-41
72
9
-83
88
-26
-11
73
71
-93
68
81
47
25
-50
80
-92
71
30
-15
62
35
46
-30
54
-61
45
95
-92
-76
-68
-23
58
54
65
-53
27
74
-45
-30
-13
5
24
26
-74
84
-49
48
18
-53
-3
91
4
7
22
-54
-21
-54
-18
-36
-88
-66
-61
37
-71
40
-14
-71
41
52
27
-7
18
-92
-76
2
-96
-44
-53
23
33
-42
60
61
5
-30
34
84
66
-87
41
49
75
-73
71
30
-36
-61
-6
-8
-11
0
7
-55
39
-83
8
93
-53
61
91
77
-2
20
87
93
-90
-86
1
44
-20
94
-87
-88
-78
-93
48
92
13
100
85
96
-33
6
-39
-4
34
-17
40
27
22
87
16
70
-94
-73
-97
83
29
85
100
54
-52
-66
44
17
-3
16
-12
58
-80
92
82
42
-76
23
-17
76
94
8
-4
90
-11
40
35
59
-99
5
50
-79
87
92
89
0
14
-64
63
5
75
-72
90
96
28
-40
-34
62
8
18
-38
-32
-96
-22
-99
32
98
-79
75
3
-26
-40
-100
-61
74
-70
-47
25
-57
70
-92
28
3
95
78
96
-71
-85
-74
-69
-73
-38
-61
-98
-68
72
-56
-87
-24
-77
-74
-47
12
50
-54
-6
-88
-14
97
-73
-33
-27
34
58
67
-57
-64
64
-69
25
11
29
68
4
-55
-50
59
93
-17
-43
-17
-38
-16
-68
86
-23
32
76
-63
-57
70
-83
38
58
-45
25
-97
-73
-63
-40
-24
-89
80
-62
-39
100
-31
28
24
-28
90
0
42
-39
-32
51
33
-96
38
-52
54
-99
-75
-6
-39
26
2
-93
-84
8
75
12
56
27
54
-98
-84
70
-4
7
-48
-69
-98
46
-25
-7
-97
-91
-12
-77
-68
6
31
65
89
14
-36
-78
-73
83
-5
-15
98
86
-57
54
-60
-8
52
37
-77
2
-8
59
27
-36
93
2
82
5
-71
-5
57
-32
-15
5
-43
88
-54
-34
75
81
34
30
-29
-17
-82
79
-61
-100
-46
-47
24
2
6
46
35
-90
-67
49
16
-50
22
21
-79
-49
-45
80
-23
-84
-37
-45
-5
4
-6
51
54
86
35
-32
-98
-2
89
-9
65
-64
-87
47
44
36
-68
85
-77
65
32
-38
37
79
-57
97
11
57
-95
-10
-21
77
-89
-69
14
-89
10
64
-4
90
-78
-88
20
-28
-55
29
-35
-27
-92
63
97
-71
-43
2
-87
63
-79
91
33
55
32
-4
-84
72
66
-96
56
45
-62
-3
34
-40
39
-9
-1
98
-58
-35
-18
-40
-68
33
31
11
-76
38
-57
37
7
15
-46
98
-77
-67
-78
-90
-60
-57
78
-28
-58
-24
36
21
-77
-1
9
-3
-54
91
-37
36
-48
-65
-70
-25
4
-92
-39
13
36
-6
5
-99
52
75
-79
-11
-5
-98
-43
-69
39
13
55
-95
-12
99
66
36
55
-52
78
75
-39
62
0
22
-56
66
49
86
-42
54
-50
74
18
-74
97
63
54
95
-48
25
-15
-74
64
96
-41
-67
-73
39
-48
16
-35
-73
41
49
16
26
27
-14
-21
-2
-55
35
-27
-5
-68
32
-11
-53
0
-47
9
-66
55
-97
-96
21
-28
99
-56
73
-13
4
52
55
29
-27
-34
-13
-43
59
47
-63
-37
-29
-88
99
-26
59
-2
43
-85
8
-38
-94
23
78
-38
67
-41
50
-47
-53
96
-67
-42
-55
60
56
-83
-22
-92
13
56
53
21
50
27
18
32
29
33
-43
54
32
53
-83
82
-91
-68
-65
52
-99
62
83
-47
100
39
-34
-54
-83
9
-71
-67
62
36
-43
77
21
98
-59
55
10
56
24
83
71
-23
27
-19
89
-4
-69
75
-47
42
71
-83
-49
12
-60
33
21
66
0
-45
-4
-39
70
-69
-85
27
28
-51
86
-9
-9
-36
41
47
-26
-49
-5
-19
-63
-85
-3
25
57
95
-61
41
4
-6
24
-66
-16
-23
37
-73
1
72
29
71
16
-61
13
-30
12
66
-35
-35
76
16
87
56
-70
27
-27
-96
67
77
100
10
11
-18
25
88
-81
-55
-18
17
-36
18
80
37
-22
-56
-66
8
-13
82
69
42
66
-44
5
-25
25
88
96
-44
3
2
95
-38
33
-73
-81
53
-87
-51
72
0
13
88
57
-56
74
6
14
-90
-64
-49
-99
-53
-7
-50
56
44
-93
-51
12
13
37
25
-19
-39
82
88
25
-19
5
-58
81
-84
-46
45
75
86
-84
-53
-46
-88
49
63
-47
35
-96
60
-85
60
-59
94
100
-95
87
89
81
18
-13
100
1
-68
11
-41
-64
77
43
82
-38
-99
-88
20
50
42
10
79
35
81
42
-61
34
84
-53
-18
33
51
94
48
-74
86
-1
-5
4
55
-42
-55
52
-28
-8
41
17
59
85
-39
-69
-65
86
51
-93
-52
-54
-85
93
30
92
-36
20
30
57
-20
45
47
33
-71
-46
8
-66
70
-36
68
32
76
13
-40
-2
81
-77
-1
-45
1
-74
-79
-68
-83
-20
-76
-49
-3
34
98
3
68
73
57
9
-84
-52
-15
61
60
-12
50
-62
-4
-89
16
18
73
-60
97
-58
49
-8
-47
-70
-38
-40
-7
15
-74
44
85
-63
16
-13
-70
82
-33
61
74
-96
56
-11
-48
19
-23
-18
96
-37
13
4
97
18
92
81
-70
53
-4
-75
87
-46
63
17
-82
-14
-84
76
10
45
87
-4
92
87
-99
93
33
57
62
47
22
79
-89
-83
76
83
5
100
-7
-3
-9
-67
-83
96
39
-62
18
39
92
-6
-90
-80
-43
11
66
-76
45
-28
69
-12
-5
-46
-16
61
-41
5
97
-96
57
97
-80
-44
42
-55
-74
-1
-84
-52
44
73
-12
-74
82
-41
48
43
99
-78
32
1
24
68
-24
13
-53
-11
34
1
-97
13
-50
-20
-30
70
94
69
42
-88
-39
21
-45
41
-88
100
-60
-71
5
-39
-12
-94
33
73
36
-76
-7
-20
-98
69
53
95
53
79
4
-65
-28
71
-79
-46
-32
-61
67
31
25
-47
70
7
2
82
86
-94
1
48
52
-82
74
-77
-36
-32
-77
20
-18
-50
90
42
7
3
73
-78
99
8
-61
29
89
50
57
-100
99
-67
33
4
80
38
-50
-15
-100
92
-46
-56
-28
14
88
-100
76
54
-89
-82
76
63
40
24
-22
29
68
17
-47
3
14
49
-98
98
-22
-38
91
-27
60
64
32
22
51
-14
-21
79
16
96
-52
86
-83
86
94
2
-60
52
-71
82
-15
41
64
-4
94
-59
-18
84
0
95
13
-35
-47
60
-35
12
-34
82
-19
-97
-3
93
-92
57
-8
73
-5
7
90
-99
14
86
83
56
29
18
-5
-31
-86
56
-4
-18
100
21
66
-23
-54
-88
-79
7
97
2
-87
68
85
-18
-69
98
76
90
-28
-1
39
-53
95
-56
-24
89
1
-88
-47
-79
-31
-90
-28
-97
-53
-73
-96
44
23
-92
96
99
-38
-57
9
90
-96
-78
0
14
-75
-10
-72
-7
85
-65
40
70
19
-22
-76
-49
-33
-93
-35
-11
-79
-95
-66
-25
-15
58
-37
21
-54
-72
74
46
-98
18
41
-80
64
43
-23
92
-77
-91
-91
-79
-17
98
23
-51
-63
-7
-14
37
7
6
76
-24
-10
-58
6
-24
0
-70
-28
15
65
24
-34
89
-45
-75
-72
60
-78
29
17
-40
61
-76
37
94
-27
22
-29
-92
87
15
21
79
-2
20
-82
-85
90
7
-5
31
-98
51
-90
52
42
-18
76
-22
-92
76
-25
35
85
-12
-86
86
-83
18
9
99
82
-66
-76
-71
26
29
-56
-23
-12
-83
-76
87
14
56
-24
64
14
-56
-52
33
-23
-53
-82
-10
-28
4
21
-17
49
-88
69
26
41
100
-64
-79
-71
21
-67
24
99
40
-54
80
58
-96
-66
75
-60
57
-6
-64
49
89
72
-86
-31
23
-52
-52
-3
-50
-38
63
-85
-46
-95
-99
54
-28
52
-67
-73
-15
10
93
66
5
33
49
22
-73
9
-1
7
96
-31
74
12
34
71
28
80
25
-79
-3
28
84
-64
-95
84
64
-53
54
77
-56
32
70
90
-27
-77
-41
41
-100
-16
-47
-100
62
87
-18
49
-13
-28
63
22
-60
-57
-94
59
-45
-98
11
89
24
-51
34
28
29
60
-72
95
-73
-90
-44
75
-14
96
-81
93
65
-25
68
59
17
-60
96
85
80
39
85
22
-66
-88
34
-35
80
39
21
20
1
38
63
73
-45
-32
73
67
-89
26
21
51
-84
27
59
18
85
-30
69
-13
-20
41
85
69
15
14
-39
-56
-49
-28
22
-59
-47
-79
-32
16
33
84
65
7
61
92
-30
43
10
20
39
12
-82
-9
-39
-68
-5
-34
87
15
82
12
89
93
-18
-63
-73
2
-76
-3
-90
-89
13
71
79
-57
-15
-66
-71
-24
98
49
72
-81
65
30
-18
15
6
45
92
61
-3
-36
62
-5
8
62
-9
-91
82
46
-26
5
96
-14
-5
-96
53
10
64
88
-83
-33
-91
-70
-55
-30
-50
6
-62
68
70
92
-46
73
-88
-36
-4
92
47
1
-66
-6
-41
-1
51
32
91
74
-51
43
-62
-77
78
-33
37
73
10
69
93
100
66
61
-48
29
-61
-63
-45
-42
74
-78
72
95
84
32
-66
1
85
13
48
6
99
38
48
38
-26
-11
-20
-77
-98
-90
-97
-75
60
-19
17
8
84
-24
66
37
67
-98
-86
3
80
-94
-2
-36
-40
54
-38
-84
-75
4
-17
-36
11
-16
-45
-69
-79
98
30
-50
-51
4
32
-10
15
-27
-20
-97
-43
72
-44
38
-16
-23
12
-26
73
-13
69
-32
32
-16
-80
30
46
-5
-32
2
-97
-13
7
-57
90
72
-75
-31
53
56
87
22
-99
-72
-86
-93
-99
-13
21
15
44
-61
93
-11
-65
-70
91
-20
90
65
33
-77
-82
-53
44
26
69
15
60
-22
2
21
-6
99
-64
-18
-29
34
37
72
-10
