9535499
3181307
5539853
278813
3744841
181939
6211949
6142439
1603139
3121133
6447947
5738381
6903661
69277
5338733
6577547
3526987
7856819
3041081
492461
2612711
2782583
6900743
5424563
7351039
863089
121927
4586077
8207441
772889
5971307
1871951
5218477
1516763
7846177
7441937
8005349
8770567
1329971
5862281
7478099
3787307
1653761
5144837
2451443
8533223
1218701
5992393
6981439
1284503
7027163
5987041
3523747
4024277
9599833
7370257
5879611
6741053
746041
5866181
6240127
1284881
9253649
830143
2669587
8825681
7160971
7473667
5075911
1920493
1517689
6300221
9040223
500873
3739297
764153
7554941
6018239
1235891
1582921
6502019
4321901
3476077
2873599
1097861
3164377
4107121
2058289
4452307
596227
3602567
5639461
8447819
9499397
2856851
6879071
5059619
7617257
2967679
4743989
